Steps: 100	Loss: 0.67354	f1_prod: 0.13453	Ones: 0.00784	F1_0: 0.15685	F1_1: 0.85772	F1_prod: 0.13453	LR: 0.00000300	*
Steps: 200	Loss: 0.66951	f1_prod: 0.04732	Ones: 0.00914	F1_0: 0.05108	F1_1: 0.92634	F1_prod: 0.04732	LR: 0.00000300	
Steps: 300	Loss: 0.68572	f1_prod: 0.12601	Ones: 0.00774	F1_0: 0.14949	F1_1: 0.84295	F1_prod: 0.12601	LR: 0.00000300	
